image: xtark_test.pgm
resolution: 0.025000
origin: [-4.722654, -6.396141, 0.000000]
negate: 0
occupied_thresh: 0.65
free_thresh: 0.196

